0 -25 360 50 720
0 422 60 844 120
0 1020 90 352 180
0 1316 60 240 120
0 1680 30 488 60
0 2179 90 510 180
0 2610 150 352 300
0 2846 225 120 150
0 3026 195 240 90
0 3000 30 428 60
0 3300 60 172 120
0 3780 30 788 60
0 4378 120 412 240
0 4706 60 240 120
0 5145 30 638 60
0 5520 60 112 120
0 5655 30 158 60
0 5790 120 112 240
0 5955 30 218 60
0 6240 90 352 180
0 6840 30 848 60
0 6630 450 52 540
0 6720 540 128 360
0 6810 450 52 540
0 7294 60 60 120
0 7354 90 60 180
0 7410 120 52 240
0 7590 30 308 60
0 7770 120 52 240
0 7826 90 60 180
0 7886 60 60 120
0 8100 30 368 60
0 8494 60 420 120
0 8730 90 52 180
0 8940 90 52 180
0 8996 60 60 120
0 9851 30 1650 60
0 10144 285 240 210
0 10380 450 232 540
0 10860 30 112 60
0 11100 60 112 120
0 11310 60 52 120
0 11520 60 112 120
0 11700 30 248 60
0 11854 60 60 120
0 11914 90 60 180
0 11970 120 52 240
0 12178 30 364 60
0 12765 30 810 60
0 12915 390 510 660
1 6720 135 116 150
1 7080 120 116 120
1 7500 150 116 180
1 7560 105 116 90
1 9480 120 116 120
1 9630 180 56 240
1 9840 225 56 330
2 909 303 0 0
2 1027 303 0 0
2 1137 303 0 0
2 1861 165 0 0
2 1861 218 0 0
2 1951 277 0 0
2 1888 277 0 0
2 1916 315 0 0
2 2383 282 0 0
2 2383 322 0 0
2 2383 362 0 0
2 3239 202 0 0
2 3239 242 0 0
2 3239 282 0 0
2 3076 142 0 0
2 2995 142 0 0
2 2914 142 0 0
2 3037 177 0 0
2 2956 177 0 0
2 2875 177 0 0
2 4120 156 0 0
2 4120 211 0 0
2 4120 266 0 0
2 4164 320 0 0
2 4214 320 0 0
2 4188 343 0 0
2 4634 261 0 0
2 4634 210 0 0
2 5603 131 0 0
2 5655 131 0 0
2 5706 131 0 0
2 5616 166 0 0
2 5695 166 0 0
2 7464 330 0 0
2 7536 330 0 0
2 7526 225 0 0
2 7596 225 0 0
2 7770 315 0 0
2 7824 256 0 0
2 7883 197 0 0
2 8731 265 0 0
2 8939 265 0 0
2 8790 306 0 0
2 8860 306 0 0
2 9480 264 0 0
2 9632 380 0 0
2 9841 469 0 0
2 9950 419 0 0
2 9950 389 0 0
2 9950 359 0 0
2 9950 329 0 0
2 10863 145 0 0
2 10863 175 0 0
2 11099 199 0 0
2 11099 229 0 0
2 11309 194 0 0
2 11309 224 0 0
2 11617 140 0 0
2 11699 140 0 0
2 11781 140 0 0
2 12036 266 0 0
2 12036 206 0 0
2 12036 146 0 0
3 5955 129 0 0
4 2805 126 0 0
4 6720 335 0 0
4 7457 128 0 0
4 10201 510 0 0
5 2150 238 0 0
5 2409 360 0 0
5 2971 299 0 0
5 3454 120 0 0
5 4104 120 0 0
5 4897 119 0 0
5 5389 119 0 0
5 6485 118 0 0
5 7983 121 0 0
5 8340 180 0 0
5 8637 180 0 0
5 9092 120 0 0
5 9736 120 0 0
5 10594 120 0 0
5 10116 450 0 0
