0 -40 406 40 628
0 234 46 467 92
0 676 70 418 139
0 790 463 87 515
0 999 162 227 324
0 903 461 140 139
0 1042 438 138 93
0 1252 414 279 46
0 1371 298 41 186
0 1301 23 377 46
0 1675 70 372 139
0 1464 298 41 186
0 1533 414 180 46
0 1998 116 273 231
0 2067 509 134 423
0 2378 520 488 400
0 2602 241 41 158
0 2500 197 163 69
0 2243 23 217 46
0 2465 23 46 46
0 2555 46 134 92
0 2799 23 354 46
0 3046 93 139 185
0 3139 116 47 231
0 3182 139 40 278
0 3223 93 47 185
0 3322 301 41 46
0 3461 301 41 46
0 3557 93 47 185
0 3600 139 40 278
0 3644 116 47 231
0 3691 93 47 185
0 3737 70 47 139
0 3783 46 46 92
0 4018 23 424 46
0 4274 46 87 92
0 4764 93 140 185
0 5017 116 366 231
0 5389 301 459 46
0 5226 556 134 329
0 5389 615 191 210
0 5552 556 133 329
0 5644 116 134 231
0 5734 93 46 185
0 5827 70 139 139
0 5920 46 47 92
0 6132 23 377 46
0 6529 46 418 92
0 6782 116 87 231
0 6829 348 87 47
0 7154 348 87 47
0 7458 255 232 232
0 7355 603 25 234
0 7422 580 109 281
0 7525 603 98 234
0 7389 23 651 46
0 7595 430 41 581
0 7708 453 186 535
0 7964 499 325 442
0 7946 46 464 92
0 8222 93 87 185
0 8512 93 64 185
0 8354 301 456 46
0 8753 46 418 92
0 9221 46 133 92
0 9428 23 282 46
0 9883 23 627 46
0 10057 383 279 674
1 860 185 43 92
1 860 278 43 93
1 1161 185 90 278
1 1231 139 136 185
1 1254 93 91 93
1 1649 266 44 256
1 2160 92 44 92
1 2160 185 44 93
1 3391 93 44 185
1 4436 46 44 92
1 4576 70 43 139
1 5389 381 43 113
1 6852 185 43 93
1 6852 92 43 93
1 6875 23 90 45
1 8289 46 44 92
1 9058 46 44 92
2 861 223 0 0
2 861 314 0 0
2 861 403 0 0
2 1189 310 0 0
2 1279 310 0 0
2 1255 215 0 0
2 1419 285 0 0
2 1419 320 0 0
2 1419 355 0 0
2 1419 390 0 0
2 1419 425 0 0
2 1419 460 0 0
2 1041 568 0 0
2 1651 475 0 0
2 2465 126 0 0
2 2215 225 0 0
2 2278 275 0 0
2 2357 300 0 0
2 2422 315 0 0
2 2937 132 0 0
2 2937 189 0 0
2 2944 259 0 0
2 3004 259 0 0
2 2974 319 0 0
2 3322 404 0 0
2 3322 434 0 0
2 3322 464 0 0
2 3462 404 0 0
2 3462 434 0 0
2 3462 464 0 0
2 4437 174 0 0
2 4437 204 0 0
2 4578 217 0 0
2 4578 247 0 0
2 5125 325 0 0
2 5125 355 0 0
2 5125 385 0 0
2 5180 400 0 0
2 5592 400 0 0
2 5647 385 0 0
2 5647 355 0 0
2 5647 325 0 0
2 6693 188 0 0
2 6693 248 0 0
2 6693 308 0 0
2 6853 217 0 0
2 6853 120 0 0
2 6898 120 0 0
2 7301 406 0 0
2 7301 346 0 0
2 7301 286 0 0
2 7301 226 0 0
2 8292 235 0 0
2 8292 205 0 0
2 8292 175 0 0
2 8550 406 0 0
2 8490 406 0 0
2 8430 406 0 0
2 8370 406 0 0
2 8310 406 0 0
2 8250 406 0 0
2 9059 170 0 0
2 9059 230 0 0
2 9059 290 0 0
3 3391 246 0 0
3 5387 501 0 0
4 903 656 0 0
4 2550 309 0 0
4 7524 464 0 0
4 8160 399 0 0
5 813 198 0 0
5 1419 105 0 0
5 1553 197 0 0
5 1182 498 0 0
5 2200 105 0 0
5 2692 107 0 0
5 2905 107 0 0
5 4002 107 0 0
5 5388 385 0 0
5 6012 105 0 0
5 6251 105 0 0
5 6394 151 0 0
5 6554 151 0 0
5 7787 153 0 0
5 8612 153 0 0
5 8887 153 0 0
5 8197 385 0 0
